<?xml version="1.0"?>
<opencv_storage>
<MATRIX type_id="opencv-matrix">
  <rows>3</rows>
  <cols>3</cols>
  <dt>d</dt>
  <data>
    9.4498615586013912e-001 1.0133313172564584e-001
    2.7968245980155189e+000 9.1128408462592958e-004
    8.6220615318591198e-001 1.7946323882964407e+001
    -2.3245294578089215e-016 3.8857805861880479e-016
    1.0000000000000107e+000</data></MATRIX>
</opencv_storage>
